
########################################

Course Plan: 00_firstScenario.txt
	2751 4
	2 2 5 
	2 8 6 
	2 9 3 
	2 1 4 
	998 549 949 255 
Dirty Trick Used?   
	               False
Attempted Assignments:
	                  36

########################################


########################################

Course Plan: 01_secondScenario.txt
	7436 9
	2 1 3 
	2 4 6 
	2 8 7 
	2 10 12 
	2 14 15 
	2 16 2 
	2 17 19 
	2 18 11 
	2 5 13 
	297 170 1473 878 1278 814 982 274 1270 
Dirty Trick Used?   
	               False
Attempted Assignments:
	                 169

########################################


########################################

Course Plan: 02_thirdScenario.txt
	15744 14
	2 3 5 
	2 8 12 
	2 13 15 
	2 16 7 
	2 17 19 
	2 1 21 
	2 27 22 
	2 10 20 
	2 28 29 
	2 25 23 
	2 4 14 
	2 2 6 
	2 9 11 
	2 24 30 
	554 1206 964 1247 1581 1620 1225 1236 1412 1216 1072 915 563 933 
Dirty Trick Used?   
	                True
Attempted Assignments:
	                 833

########################################


########################################

Course Plan: 03_fourthScenario.txt
	11757 12
	2 2 12 
	2 16 14 
	2 19 21 
	2 26 31 
	2 9 5 
	2 17 25 
	2 34 11 
	2 32 35 
	2 27 38 
	2 6 7 
	2 28 13 
	2 18 3 
	1296 1719 485 1886 1020 802 638 469 1589 599 543 711 
Dirty Trick Used?   
	                True
Attempted Assignments:
	                2220

########################################

