The Classification Methods Comparison Table:==========
Class, Correct MAP, Incorrect MAP, MAP Ratio, Correct ML, Incorrect ML, ML Ratio
================================================================================
0	76	14	84.44%	76	14	84.44%
1	104	4	96.30%	104	4	96.30%
2	74	29	71.84%	75	28	72.82%
3	80	20	80.00%	80	20	80.00%
4	81	26	75.70%	81	26	75.70%
5	57	35	61.96%	57	35	61.96%
6	67	24	73.63%	67	24	73.63%
7	76	30	71.70%	76	30	71.70%
8	61	42	59.22%	62	41	60.19%
9	79	21	79.00%	79	21	79.00%
------------------------------------------------------
MAP Success Rate:	75.50%
ML Success Rate:	75.70%
======================================================
The Confusion Matrix:=================================
       0   1   2   3   4   5   6   7   8   9
--------------------------------------------
  0|   _   0   1   0   1   5   4   0   3   0
  1|   0   _   1   0   0   2   1   0   0   0
  2|   2   5   _   7   1   0   6   1   5   2
  3|   0   2   0   _   0   2   2   6   2   6
  4|   0   2   0   0   _   0   3   0   2  19
  5|   2   2   1  16   3   _   2   1   2   6
  6|   1   6   4   0   7   5   _   0   1   0
  7|   0   7   3   0   3   0   0   _   2  15
  8|   2   3   3  13   2   5   1   1   _  12
  9|   1   2   0   3  10   2   0   2   1   _
======================================================
Odds Ratios Of Most Confusing Digits:=================

###############################################
8 and 3, 13 Incorrect Assignments.

0000000000000000000000000000
0000000000000000000000000000
0000000000000000000000000000
0000000000777777777770000000
0000070777655433333445677000
0000007765432111111223456770
0000707643221111111122345777
0000776432211111111112235677
0000765432111111211112234677
0000764322111222221112234670
0000754332111222211112335770
0000754332111122111112346777
0000765432211111111123466777
0000765432211111111234567700
0000066543211117112345667700
0000076543211711112345667000
0000776542111111122345667000
0000775432111111122345567000
0000764321111121122334567000
0000754221112222122334567000
0000753211112221112234567000
0000753211111111122334567000
0000753221111111122345677000
0000054321111111223456677000
0000075433222222334566700000
0000000777666556677770000000
0000000000000000000007770000
0000000000000000000000000000


0000000000000000000000000000
0000000000000000000000000000
0000000000000000000000000000
0000077777766666667777000000
0007776554332222223456770000
0007654432111111112234570000
0006543321111117111123460000
0706543221111111111123450000
0006543322222221111123450000
0076654333333221111123460000
0077765544333211111224560000
0007766554322111111234670000
0000776543211111111235670000
0007776532111111111235670000
0000776532211111111234577000
0007776543221111111123567070
0077655544333322111123467000
0076544444444432211123457000
0075433334455432211123457000
0075332233444322111123467000
0064322222222211111123467000
0065322111111111111233560000
0075432111111111112335670000
0076443211111111223456770000
0007654333222233345677770000
0007776655555566777777700000
0000000000777777777777000000
0000000000000000000000000000


4444444444444444444444444444
4444444444444444444444444444
4444444444444444444444444444
4444444444455555554444444444
4444455667766655544444344444
4444566776655444444433323344
4445677765554444444433322334
4445666555444444444443321334
4445665544333344444443221234
4445554433223345554433211244
4444443322223445544332211344
4444433222333455544332122344
4444332233344444443332233344
4444433344444444444443333344
4444444444444444445555433444
4444444444433333445666543444
4445554433222223445666543444
4445665322111123445565543444
4446765431171123445555543444
4456765432212334445555543444
4457065443334444445555544444
4456765544444444444455444444
4456765544444444444444434444
4445755544444444444444344444
4445555544443333333333444444
4444445555554443344344444444
4444444444444444444444444444
4444444444444444444444444444

###############################################
7 and 9, 15 Incorrect Assignments.

0000000000000000000000000000
0000000000000000000000000000
0000000000000000000000000000
0000000000000000000000000000
0000000000077777000000000000
0000077777666666777007700000
0000765554444333344556670000
7776543322211111111223467000
7765432211111111111122357000
7765332111111111711112357000
0765332111111111111112357000
0765432221222222111112457000
0765443222233432111123467000
0776543333344432111123467700
0077554334445431111123567700
0007655444444321111234567700
0007655544444211111234567700
0007666555443211112345667700
0077776655442111122356677000
0077777766432111123456777000
0000007765321111223556700000
0000077654321111234567700000
0000777543221112234566700000
0000766432221122234667700000
0000765432222222334667700000
0000765432222223345667770000
0000775433333333445667770000
0000077776665556667777700000


0000000000000000000000000000
0000000000000000000000000000
0000000000000000000000000000
0000000000000000000000000000
0000000000777777770000000000
0000000007766655566777000000
0000007765432211122345770000
0000077653221171111234667000
0000775432111111111123567000
0000764321111112111123467000
0000754321111233211123467000
0000643211112342111123467700
0007643211123322111123577700
0007643211122211111124577770
0007643211111111171234670770
0007643221111111111235670770
0007754322111111111345670770
0077765432222211112346770000
0077776544332211112346677000
0007776655433211123346677000
0007776665432211223346677000
0000777665432212223445677000
0000077654322222233345677000
0000776543322222233445677000
0000776543322222333445677000
0000776543333333333455677000
0007777655555555555667770000
0000000000007777707770000000


4444444444444444444444444444
4444444444444444444444444444
4444444444444444444444444444
4444444444444444444444444444
4444444444444444544444444444
4444444434455556565554444444
4444432234455666666665344444
4443211123344555554444344444
4432171223444444444443334444
4331112233444433344433334444
4431122334444323344443334444
4431233445554333444443334444
4432234555555555444444334444
4443345566666765444443334444
4444445667770765444443333444
4444455677777654444433333454
4444445667776544444433334444
4444345566665444444444343444
4444445556554444444444444444
4444455555443444444554554444
4444455544333344445655555444
4444444443333344445665555444
4444444433334444455665555444
4444434333334444456666555444
4444443333344444456666554444
4444443333334444455666555444
4444443222222233334444444444
4444444333322222333444444444

###############################################
5 and 3, 16 Incorrect Assignments.

0000000000000000000000000000
0000000000000000000000000000
0000000000000000000000000000
0000000000077766677776677000
0000000776554443333334445700
0000007654432222222222334570
0000076543322111111112223467
0000076533221111111111222367
0000766432211111111112223357
0000765432111111222223333467
0000765322111112223334555670
0000764321111112233456666770
0000764321111112223445667700
0000764321171111222345677000
0000764321111111112234567000
0007764322111111112223567700
0007654433222222111223467700
0007643344333322111223457700
0077643233444322111223457700
0077532222232221111223457700
0077632111121111111233557000
0007632111111111112234567000
0000753211111111122345667000
0000764322111111223456677000
0000776543322223345666770000
0000077665555556667700000000
0000007777777777777000000000
0000000000000000000000000000


0000000000000000000000000000
0000000000000000000000000000
0000000000000000000000000000
0000077777766666667777000000
0007776554332222223456770000
0007654432111111112234570000
0006543321111117111123460000
0706543221111111111123450000
0006543322222221111123450000
0076654333333221111123460000
0077765544333211111224560000
0007766554322111111234670000
0000776543211111111235670000
0007776532111111111235670000
0000776532211111111234577000
0007776543221111111123567070
0077655544333322111123467000
0076544444444432211123457000
0075433334455432211123457000
0075332233444322111123467000
0064322222222211111123467000
0065322111111111111233560000
0075432111111111112335670000
0076443211111111223456770000
0007654333222233345677770000
0007776655555566777777700000
0000000000777777777777000000
0000000000000000000000000000


5555555555555555555555555555
5555555555555555555555555555
5555555555555555555555555555
5555555555666655555544444555
5555566777777776665543223455
5555677777776666665544322345
5556777777766666665544321245
5556777776665555555554327135
5556777665554445555554321135
5556666554444445666655431245
5555565433334456677665543355
5555554333344566677776554455
5555543333445566666665545555
5555543334455566666655555555
5555543344555556666655545555
5555544444555555666655555555
5555554444555555556665554555
5556654445444445556655555555
5557655554444445555655555555
5557765544444445555665554555
5567765555555555555565654555
5567766555555555555556544555
5567076655555555555555545555
5556776666655655555555455555
5556676666555555555545555555
5555555555555555555555555555
5555555555555555555555555555
5555555555555555555555555555

###############################################
4 and 9, 19 Incorrect Assignments.

0000000000000000000000000000
0000000000000000000000000000
0000000000000007770000000000
0000000000077777777777700000
0000777766666666655545567000
0000776554444445433333345700
0007765443333344332222334670
0007654432222233322222345670
0007654332222233321122345770
0007654322112233221122346770
0007654321112343211122457700
0077543211112343211123457000
0777543211122332111123466700
0777542111112222111123456700
0776532111111111111123356700
0076532111111111111123456770
0007532111111111711123456770
0007643221111111111234566770
0000754333322211112344677070
0000765554443211122345677000
0000776665533221122345677000
0000007765432222223345667700
0000077665432222223345567700
0000077764432222223345667000
0000007765433333333456677000
0000000776666554556667777000
0000000077000707777700000000
0000000000000000000000000000


0000000000000000000000000000
0000000000000000000000000000
0000000000000000000000000000
0000000000000000000000000000
0000000000777777770000000000
0000000007766655566777000000
0000007765432211122345770000
0000077653221171111234667000
0000775432111111111123567000
0000764321111112111123467000
0000754321111233211123467000
0000643211112342111123467700
0007643211123322111123577700
0007643211122211111124577770
0007643211111111171234670770
0007643221111111111235670770
0007754322111111111345670770
0077765432222211112346770000
0077776544332211112346677000
0007776655433211123346677000
0007776665432211223346677000
0000777665432212223445677000
0000077654322222233345677000
0000776543322222233445677000
0000776543322222333445677000
0000776543333333333455677000
0007777655555555555667770000
0000000000007777707770000000


5555555555555555555555555555
5555555555555555555555555555
5555555555555554445555555555
5555555555544444444444455555
5555444433343443322222234555
5555443222223344332111112455
5554432223345677655432712345
5554332334455677665443222345
5554333444556677665543323445
5554344445555666555444333445
5554444445555555555544444455
5544444455554455555544444555
5444444444444555554544434555
5444444444445555554444323555
5444433444445555444433223555
5544433344444444444432223555
5554323334444444444333233555
5555322334444444444433344445
5555432334444454444443445545
5555543444554555444443455555
5555544445545555444444445555
5555555555555555444444445455
5555555565555555444444445455
5555555665555554444444444555
5555556666655555555555554555
5555556777707766677666655555
5555555667777777776665555555
5555555555555555555555555555

======================================================
