The Confusion Matrix:==========================
Class, Correct MAP, Incorrect MAP, MAP Ratio, Correct ML, Incorrect ML, ML Ratio
================================================================================
0	76	14	84.44%	76	14	84.44%
1	104	4	96.30%	104	4	96.30%
2	74	29	71.84%	75	28	72.82%
3	80	20	80.00%	80	20	80.00%
4	81	26	75.70%	81	26	75.70%
5	57	35	61.96%	57	35	61.96%
6	67	24	73.63%	67	24	73.63%
7	76	30	71.70%	76	30	71.70%
8	61	42	59.22%	62	41	60.19%
9	79	21	79.00%	79	21	79.00%
------------------------------------------------------
MAP Success Rate:	75.50%
ML Success Rate:	75.70%
=============================================

Odds Ratios:===================================

#################################
8 and 5

0000000000000000000000000000
0000000000000000000000000000
0000000000000000000000000000
0000000000777777777770000000
0000070777655433333445677000
0000007765432111111223456770
0000707643221111111122345777
0000776432211111111112235677
0000765432111111211112234677
0000764322111222221112234670
0000754332111222211112335770
0000754332111122111112346777
0000765432211111111123466777
0000765432211111111234567700
0000066543211117112345667700
0000076543211711112345667000
0000776542111111122345667000
0000775432111111122345567000
0000764321111121122334567000
0000754221112222122334567000
0000753211112221112234567000
0000753211111111122334567000
0000753221111111122345677000
0000054321111111223456677000
0000075433222222334566700000
0000000777666556677770000000
0000000000000000000007770000
0000000000000000000000000000


0000000000000000000000000000
0000000000000000000000000000
0000000000000000000000000000
0000000000077766677776677000
0000000776554443333334445700
0000007654432222222222334570
0000076543322111111112223467
0000076533221111111111222367
0000766432211111111112223357
0000765432111111222223333467
0000765322111112223334555670
0000764321111112233456666770
0000764321111112223445667700
0000764321171111222345677000
0000764321111111112234567000
0007764322111111112223567700
0007654433222222111223467700
0007643344333322111223457700
0077643233444322111223457700
0077532222232221111223457700
0077632111121111111233557000
0007632111111111112234567000
0000753211111111122345667000
0000764322111111223456677000
0000776543322223345666770000
0000077665555556667700000000
0000007777777777777000000000
0000000000000000000000000000


4444444444444444444444444444
4444444444444444444444444444
4444444444444444444444444444
4444444444455555554556655444
4444444455554444444556777544
4444445665444333334455677654
4444455544443334444445567754
4444455444444444444445567064
4444444444444455544444456765
4444443444444555543333345665
4444434444445555432222234554
4444434555555554322117124444
4444445565554443322222233444
4444455666554443333444334444
4444556666544443344566544444
4445566665443333445666654544
4445666654332333445666654544
4445676532112233445566654544
4455676532112334445556554544
4455666543233444455555554544
4455666544444545445555555444
4445655554444444444455455444
4444555544444444444444454444
4444544444444444444444454444
4444544444333333333344554444
4444455556655444444444444444
4444445555555555555444444444
4444444444444444444444444444

#################################
8 and 7

0000000000000000000000000000
0000000000000000000000000000
0000000000000000000000000000
0000000000777777777770000000
0000070777655433333445677000
0000007765432111111223456770
0000707643221111111122345777
0000776432211111111112235677
0000765432111111211112234677
0000764322111222221112234670
0000754332111222211112335770
0000754332111122111112346777
0000765432211111111123466777
0000765432211111111234567700
0000066543211117112345667700
0000076543211711112345667000
0000776542111111122345667000
0000775432111111122345567000
0000764321111121122334567000
0000754221112222122334567000
0000753211112221112234567000
0000753211111111122334567000
0000753221111111122345677000
0000054321111111223456677000
0000075433222222334566700000
0000000777666556677770000000
0000000000000000000007770000
0000000000000000000000000000


0000000000000000000000000000
0000000000000000000000000000
0000000000000000000000000000
0000000000000000000000000000
0000000000077777000000000000
0000077777666666777007700000
0000765554444333344556670000
7776543322211111111223467000
7765432211111111111122357000
7765332111111111711112357000
0765332111111111111112357000
0765432221222222111112457000
0765443222233432111123467000
0776543333344432111123467700
0077554334445431111123567700
0007655444444321111234567700
0007655544444211111234567700
0007666555443211112345667700
0077776655442111122356677000
0077777766432111123456777000
0000007765321111223556700000
0000077654321111234567700000
0000777543221112234566700000
0000766432221122234667700000
0000765432222222334667700000
0000765432222223345667770000
0000775433333333445667770000
0000077776665556667777700000


4444444444444444444444444444
4444444444444444444444444444
4444444444444444444444444444
4444444444444444444444444444
4444444444433222222223444444
4444444443322111117112233444
4444555544333333332222233444
4455666555444444444444333344
4556666655555555555544433344
4556666655555556555544433344
4556766655555555555544433444
4556666555444444555554444444
4456666554433334455555544444
4456665554432234455555544444
4445665554322234455665554544
4445665544322344555655554544
4445555543323344555555554444
4445554433233455555544444544
4455543322234555554444344444
4454432212234555544333334444
4444432212345555443333334444
4444432223344544443333344444
4444432233444444443334344444
4444543344444444443344444444
4444554555554444444444444444
4444456777777776666555544444
4444456777707777766555544444
4444445555566666555545544444

#################################
8 and 2

0000000000000000000000000000
0000000000000000000000000000
0000000000000000000000000000
0000000000777777777770000000
0000070777655433333445677000
0000007765432111111223456770
0000707643221111111122345777
0000776432211111111112235677
0000765432111111211112234677
0000764322111222221112234670
0000754332111222211112335770
0000754332111122111112346777
0000765432211111111123466777
0000765432211111111234567700
0000066543211117112345667700
0000076543211711112345667000
0000776542111111122345667000
0000775432111111122345567000
0000764321111121122334567000
0000754221112222122334567000
0000753211112221112234567000
0000753211111111122334567000
0000753221111111122345677000
0000054321111111223456677000
0000075433222222334566700000
0000000777666556677770000000
0000000000000000000007770000
0000000000000000000000000000


0000000000000000000000000000
0000000000000007770000000000
0000000777776666667700077000
0000077655433333334566777000
0000066543222111122344677700
0000765432211111111233567700
0007754322111111111123467000
0077654322111111111123457000
0077654322222222111122350000
0077654333222222211122357000
0000755443333432211122357700
0000766555444432111123467700
0007776655444322111123466770
0007766554433221111123466770
0007765432221111111233456770
0007643222111111111223445670
0006532211111171111223344570
0006432111111111111122234577
0005321111111111111112233577
0075321111111111111112233570
0075321111111111111112234570
0075322111111122222222344670
0006532211112223333333455670
0007654333333444444455567770
0007776666666666666667770000
0000000000000000077770000000
0000000000000000000000000000
0000000000000000000000000000


4444444444444444444444444444
4444444444444444444444444444
4444444444455555555444444444
4444445566777707776655444444
4444456677776666555555544444
4444466776655544444444433444
4444566655544444444444332344
4444566554444444444443332334
4444555444433344444443321334
4444554433333344444443322344
4444444333222234444443332444
4444443322222234444444433444
4444433322212233444444444444
4444443333222334444555544444
4444555544433444445555555444
4444566665444444445556655544
4445677765444444445556666654
4445777655444444445566667654
4446776554444555445556677654
4446766554455555445556677644
4446765554455544444556677644
4446765544444444444556666544
4445655444433333334456566544
4444544333222212223345554444
4444443321111711122344444444
4444444443333223334444444444
4444444444444444444444444444
4444444444444444444444444444

#################################
5 and 7

0000000000000000000000000000
0000000000000000000000000000
0000000000000000000000000000
0000000000077766677776677000
0000000776554443333334445700
0000007654432222222222334570
0000076543322111111112223467
0000076533221111111111222367
0000766432211111111112223357
0000765432111111222223333467
0000765322111112223334555670
0000764321111112233456666770
0000764321111112223445667700
0000764321171111222345677000
0000764321111111112234567000
0007764322111111112223567700
0007654433222222111223467700
0007643344333322111223457700
0077643233444322111223457700
0077532222232221111223457700
0077632111121111111233557000
0007632111111111112234567000
0000753211111111122345667000
0000764322111111223456677000
0000776543322223345666770000
0000077665555556667700000000
0000007777777777777000000000
0000000000000000000000000000


0000000000000000000000000000
0000000000000000000000000000
0000000000000000000000000000
0000000000000000000000000000
0000000000077777000000000000
0000077777666666777007700000
0000765554444333344556670000
7776543322211111111223467000
7765432211111111111122357000
7765332111111111711112357000
0765332111111111111112357000
0765432221222222111112457000
0765443222233432111123467000
0776543333344432111123467700
0077554334445431111123567700
0007655444444321111234567700
0007655544444211111234567700
0007666555443211112345667700
0077776655442111122356677000
0077777766432111123456777000
0000007765321111223556700000
0000077654321111234567700000
0000777543221112234566700000
0000766432221122234667700000
0000765432222222334667700000
0000765432222223345667770000
0000775433333333445667770000
0000077776665556667777700000


4444444444444444444444444444
4444444444444444444444444444
4444444444444444444444444444
4444444444444443444444444444
4444444443332222211222223444
4444444433322211111711112344
4444555544433333333222211244
4455666655555554555443321134
4556777666555555555554432234
4566777665555555666655432244
4566777655554555666666543344
4556776655444445567777654444
4456665544433334566676654444
4456665443322234556666554444
4445655433222234555555555544
4444554433333345555554555544
4444444444334455555444444444
4444443344445565554433345444
4444322233456665554333334444
4444321112345555544332334444
4444311112345555443332334444
4444321123344554443233334444
4444432233444444443333444444
4444443444444444444344444444
4444455555555555555544444444
4444456677777777776655544444
4444456777707777776655544444
4444445555566666655545544444

#################################
5 and 2

0000000000000000000000000000
0000000000000000000000000000
0000000000000000000000000000
0000000000077766677776677000
0000000776554443333334445700
0000007654432222222222334570
0000076543322111111112223467
0000076533221111111111222367
0000766432211111111112223357
0000765432111111222223333467
0000765322111112223334555670
0000764321111112233456666770
0000764321111112223445667700
0000764321171111222345677000
0000764321111111112234567000
0007764322111111112223567700
0007654433222222111223467700
0007643344333322111223457700
0077643233444322111223457700
0077532222232221111223457700
0077632111121111111233557000
0007632111111111112234567000
0000753211111111122345667000
0000764322111111223456677000
0000776543322223345666770000
0000077665555556667700000000
0000007777777777777000000000
0000000000000000000000000000


0000000000000000000000000000
0000000000000007770000000000
0000000777776666667700077000
0000077655433333334566777000
0000066543222111122344677700
0000765432211111111233567700
0007754322111111111123467000
0077654322111111111123457000
0077654322222222111122350000
0077654333222222211122357000
0000755443333432211122357700
0000766555444432111123467700
0007776655444322111123466770
0007766554433221111123466770
0007765432221111111233456770
0007643222111111111223445670
0006532211111171111223344570
0006432111111111111122234577
0005321111111111111112233577
0075321111111111111112233570
0075321111111111111112234570
0075322111111122222222344670
0006532211112223333333455670
0007654333333444444455567770
0007776666666666666667770000
0000000000000000077770000000
0000000000000000000000000000
0000000000000000000000000000


4444444444444444444444444444
4444444444444445554444444444
4444444555555666555544455444
4444455667777077777655444444
4444456677777776665544323444
4444566666666665555444322344
4445566666655555555444321234
4455666665555544555444327134
4455666555544444455544321134
4455565544433344555555432234
4444555433332234566666543344
4444554322222234566777754444
4445443221212344566666655554
4445443222223345555666665554
4445554443344455555555555554
4444555555555555555555566554
4445566666666665555555667654
4445666667777665555555667655
4446665667777665555555667655
4446655556666655555556677654
4446655555555554445556777654
4456655555554444444556666654
4445665544444433344556666554
4445554443333222334455555554
4445554432222222233444454444
4444444333222333344454444444
4444444444444444444444444444
4444444444444444444444444444

#################################
7 and 2

0000000000000000000000000000
0000000000000000000000000000
0000000000000000000000000000
0000000000000000000000000000
0000000000077777000000000000
0000077777666666777007700000
0000765554444333344556670000
7776543322211111111223467000
7765432211111111111122357000
7765332111111111711112357000
0765332111111111111112357000
0765432221222222111112457000
0765443222233432111123467000
0776543333344432111123467700
0077554334445431111123567700
0007655444444321111234567700
0007655544444211111234567700
0007666555443211112345667700
0077776655442111122356677000
0077777766432111123456777000
0000007765321111223556700000
0000077654321111234567700000
0000777543221112234566700000
0000766432221122234667700000
0000765432222222334667700000
0000765432222223345667770000
0000775433333333445667770000
0000077776665556667777700000


0000000000000000000000000000
0000000000000007770000000000
0000000777776666667700077000
0000077655433333334566777000
0000066543222111122344677700
0000765432211111111233567700
0007754322111111111123467000
0077654322111111111123457000
0077654322222222111122350000
0077654333222222211122357000
0000755443333432211122357700
0000766555444432111123467700
0007776655444322111123466770
0007766554433221111123466770
0007765432221111111233456770
0007643222111111111223445670
0006532211111171111223344570
0006432111111111111122234577
0005321111111111111112233577
0075321111111111111112233570
0075321111111111111112234570
0075322111111122222222344670
0006532211112223333333455670
0007654333333444444455567770
0007776666666666666667770000
0000000000000000077770000000
0000000000000000000000000000
0000000000000000000000000000


4444444444444444444444444444
4444444444444444444444444444
4444444444445555554444444444
4444444556666777766655444444
4444455567777777077766544444
4444455666777777777776554444
4444445555555555566666544444
4443344444444444444444444444
4433333333333333334444443444
4332223223333333333343434444
4432222222222233333343444444
4432222222223334443344434444
4433222222233444443444444444
4443232233345554443444444444
4443333444556654443444444444
4444344555566544444444455444
4444455556666544444445555544
4445566666665444444456666544
4445677766655444444566666544
4445677777654444445666776544
4445677776554444445666776544
4445677765544434445666666544
4445566655443333345566665544
4444555443333222334555554444
4444433321111111223344444444
4444432111171111122333444444
4444432211111111222333444444
4444444333333333333444444444

=============================================

